10422
3062
2753
3695
1722
8110
6568
7124

24919
15983
18045

20914

6471
5100
4297
8538
3923
8135
2015
2255

8082
8747
4577
3624
4481
7947
2790
9217
4729

2319
22021
15407

6379
3407
1390
2026
2030
5246
6918
4426
6198
6476
5351
1033
1162

5629
3140
8533
6464
3686
2374
2301
5700
3279

4857
1156
5520
7976
7668
1279
1326

34906
15510

1394
3512
8021
9546
2626
9116
2891
2875
7467

19644
32798

7482
2786
3311

6564
3818
3472
1020
1410
5849
2679
4928
3751
5858
4227
5278

1221
1373
1096
5913
3836
5890
3601
4165
3495
1397
4949
1134
6029
5142

2784
1688
3096
3150
4879
4582
1333
1807
2379
5554
3324
5152
5012
2462
1222

5345
8211
1451
4410
8381
4890
7548
7246
1780
3917

6733
6827
10768
10517
4257
3205
7453

5254
11413
7980
4327
8249
9088
3606

2796
23737
10352

49880

28725

6615

3344
2538
6150
8412
1846
4479
2644
5897
5393
5998

6583
11800
7779
2848
2722
4396
7549

12064
7414
9559
5152
7290
9582
5481

11462
4147
5783
9869
6777
4304
7994

4584
2761
1785
8626
5990
2024
6423
3467
2700
8439

10421
12435

6668
17056
6110

10854
30495

4621
5405
2698
3244
4090
6275
5460
3835
4066
3355
4301
5429
2772
2712

5299
5046
1717
3615
5827
1622
6363
1352
2279
5193
2936
3009
6706

6685
2477
2113
5147
4652
5793
4917
7792
6330
5030

7935
8012

6117
5191
4630
1140
6668
5451
6697
4489
5269
2465

8901
3155
10520
7453
8927
2128
3719
2603

26360
30617

12536
28934

12753
7704

6129
2474
1298
11648
3020
13000

8949
32474

16780
21589
15519

2959
5442
4853
1549
1536
5182
3162
3241
5325
2981
4123
5075
4265
3914
1534

2364
3051
15060
15441
5350

12702
1593
10837
3016
12402
7042

3555
4589
4554
5877
2963
5429
2915
2849
2882
4263
2041
3715
3060
2303

5623
2844
5308
3138
1993
3563
6627
3503
3715
4622
6335
5643

3263
3999
3795
6653
9340
2589
4005

9225
15648
9771
6353

9856
15646
16811
9434

7986
11586
10183
8977
2084
2145
9341

9164
2380
6783
3995
7267
1261
4388
4553
1097

4913
8607
16691
9972

16053
7244

18073
12316
7433
18146

15791
4640
8961
2333
4146

13788
3616
19422
7306

1966
2583
1157
2915
6675
3776
1302
6089
2172
3532
2863
3901
1531

1745
3005
8080
5559
6190
2608
7327
2918

1449
1728
4133
6107
2320
1185
4399
3983
2801
3940
6492
5123
4035
3978

30480
13619

6066
2415
3690
8311
4415
5086
2243
7362
5987

1968
4106
1413
3111
7762
5820
5670
5574
6409
5357

4795
4181
2637
2630
2424
1778
5931
4683
2394
5086
4831
3332
2698
3486
4771

5703
3132
3141
3076
2213
1286
1553
4281
5310
3129
1686
4290
1523
2253

2112
3375
4744
2051
7859
5263
7294
4412
3787
3697
3237

5001
7058
5323
3147
5016
7995
8072
1337
4375
5257
3975

3394
3691
6713
2117
2962
1057
5815
4045
1400
1865

3921
1777
7151
1041
5017
7230
1976
4454
1604
7350
5884
1003

2569
9911
14251
8292
12541

4199
3446
4622
6428
5002
1766
2452
5311
6527
2064
4993
2024
4693

14131
3553
13678
1207

1547
3878
5568
1225
1380
2200
5147
2039
6309
2982
3495
2152
5235

1753
3165
1652
4443
1216
4491
1942
1762
1107
4286
3966
1075
4525
4613
1913

11721
15346
2328

5955
9870
1445
9985
2525
3789
9850
8345

1335
1373
2210
4502
6682
3789
3132
6931
4406
2178

33589

2894
5672
4799
5270
4984
2968
4691
5946
4794
3982
1050
3329
1705
2157
5903

3073
5101
11776
9277
6191
4145
3796

7330

21425
21583
5018

16714
5650
15944
11173

10430
10942
11646
3054
7681
9377
9747

1344
5398
5433
7606
8077
7391
1909
2436
6590
1780
7328

4243
1623
2406
5790
3669
4752
5178
6264
6380
2595
3841
1924

4241
7995
10301
9600
3012
2005
7728
2592

65317

49655

13904
7402
7268
3770
2397
10475

3335
6780
2119
5330
7117
7491
3805
8481
6605
7085

13151
10965
11166
13415

4456
3654
8081
5430
2761
3354
5363
6253
2655
4659

2651
11140
13548
3706
12111

6858
5062

12441
19040

8503
6463
1391
5937
2652
6222
3700
4437
4223

6064
4289
3615
1534
1503
3969
5012
5882
1072
3045
1108
1100
5537
2296
5210

14356
10192
8724
9007
2580

17014

9759
16225

13759
5359
16706
3223

7538

3726
8819
8277
11877
2680
9393
9534

1744
3387
5549
5161
1944
3018
2892
4872
2058
3465
5410
4294
4460
5671
2677

2412
9606
11353
2517
4728
13835

7005
4228
4094
6651
2666
4580
6731
7665
6497
2146
3836

1694
21826
15682

7669
4609
5102
6077
6909
5199
6616
3888
2759
5067
1215

3637
1397
3793
2486
1535
6323
5601
1122
4774
5946
3911
1983
5110
6123

2074
8575
10967
11051
7926

10006
9886
1787
4121
6732
11668
1701

2653
2184
1682
2239
5008
3214
6107
1386
1746
1625
6576
5311
2448

3589
3732
1867
1000
3740
6457
7409
1310
7995
6470

25525
11728
2872

6439
10037
1455
12711
3160
2979

11140
4322
11612
8569
8463
6798
5517

1474
4540
2518
4116
3756
3306
4666
3344
3742
6019
3442
2869
2045
4736
3950

2168
2396
6164
7025
8787
8097
3409
4574
3966

51004

6855
3281
1711
6762
7458
6741
4422
1410
7470
3944
1893

5733
3862
4820
2177
8633
7626
6625
7092
8201
2674

7618
4063
4934
2443
2170
6858
4485
3340
1799
3106

14001
26749

5335
2824
4423
5694
7382
8340
1838
8489
7044
6785

3505
1425
4302
6794
3867
6186
2169
6833
4437
5529
1621
1454
6758

2326
1344
3774
5442
1575
5559
1918
4675
2672
2538
4055
3083
5036
1558
4674

12642
15560
4074
15919

2645
12965

14801

6448
8620
7630
8340
5270
8082
1467
7973
2886

5456
2482
8364
1530
11974
11305
12132


